2.000368781407035215e+02 1.000000000000000000e+00
2.012318781407035431e+02 1.000000000000000000e+00
2.038034422110552839e+02 1.000000000000000000e+00
2.039121922110552703e+02 1.000000000000000000e+00
2.040000000000000000e+02 9.994152404895353392e-01
2.040000000000000000e+02 9.994152404895353392e-01
2.040000000000000000e+02 9.994152404895353392e-01
2.040000000000000000e+02 9.994152404895353392e-01
2.040000000000000000e+02 9.994152404895353392e-01
2.040000000000000000e+02 9.994152404895353392e-01
2.040000000000000000e+02 9.994152404895353392e-01
2.040000000000000000e+02 9.994152404895353392e-01
2.040000000000000000e+02 9.994152404895353392e-01
2.040000000000000000e+02 9.994152404895353392e-01
2.040000000000000000e+02 9.994152404895353392e-01
2.040000000000000000e+02 9.994152404895353392e-01
2.040000000000000000e+02 9.994152404895353392e-01
2.065878203517588076e+02 9.539339072025724287e-01
2.073028203517588111e+02 9.419484662896243643e-01
2.090020000000000095e+02 9.144185547271211911e-01
2.112593844221105712e+02 8.798145750909343032e-01
2.127909484924623200e+02 8.575409596802149315e-01
2.139834484924623155e+02 8.408362978507900598e-01
2.143512625628140427e+02 8.357928635547617890e-01
2.204393907035175744e+02 7.591894939484448157e-01
2.216181407035175823e+02 7.457394904862166829e-01
2.216618907035175994e+02 7.452482601638230619e-01
2.232797047738693266e+02 7.274723354710105339e-01
2.248437688442211027e+02 7.109836985437529844e-01
2.259587688442211117e+02 6.996291831357934754e-01
2.261962688442211231e+02 6.972523617430876897e-01
2.296281469849246264e+02 6.644663100061283245e-01
2.299606469849246082e+02 6.614386258197918478e-01
2.319581469849246105e+02 6.437719227946305800e-01
2.327047110552763911e+02 6.373919266680143636e-01
2.340284610552763809e+02 6.263658438461626732e-01
2.348000251256281388e+02 6.201034694960875226e-01
2.349862751256281399e+02 6.186095073258764954e-01
2.364575251256281376e+02 6.070449132179948082e-01
2.374103391959799012e+02 5.997740221331100408e-01
2.386265891959799035e+02 5.907339152123241011e-01
2.388228391959798955e+02 5.892999930848180634e-01
2.431047173366834215e+02 5.596368551803848623e-01
2.433022173366834124e+02 5.583402928500565965e-01
2.442022173366834181e+02 5.525079242483256214e-01
2.465112814070351703e+02 5.380968233567891001e-01
2.476365954773869476e+02 5.313505225731767201e-01
2.488003454773869407e+02 5.245567513023127182e-01
2.492965954773869441e+02 5.217148852627166988e-01
2.498040954773869373e+02 5.188420354139545720e-01
2.511419095477386918e+02 5.114276306843716924e-01
2.522194095477387066e+02 5.056188733375115429e-01
2.559000376884422394e+02 4.868154462390046899e-01
2.574800376884422235e+02 4.792097439363963707e-01
2.596328517587940041e+02 4.692689324133193507e-01
2.604056658291457325e+02 4.658146446501841842e-01
2.622131658291457370e+02 4.579618387266330970e-01
2.628919158291457165e+02 4.550925877307440137e-01
2.647297298994974994e+02 4.475340342588032261e-01
2.674037939698492323e+02 4.370615538359345353e-01
2.679387939698492573e+02 4.350379918155776182e-01
2.691253580402010357e+02 4.306321885378103231e-01
2.691628580402010016e+02 4.304947688001446449e-01
2.702728580402010152e+02 4.264767036597404970e-01
2.718856721105527754e+02 4.208055701416745231e-01
2.730406721105528050e+02 4.168620772033849731e-01
2.736147361809045151e+02 4.149376673663821014e-01
2.737922361809045242e+02 4.143473539314970755e-01
2.747397361809045151e+02 4.112333841460776851e-01
2.751734861809044901e+02 4.098284749737902133e-01
2.760525502512562639e+02 4.070201985406904366e-01
2.793816143216080832e+02 3.968414307321480594e-01
2.800316143216080604e+02 3.949350969762924213e-01
2.807266143216080536e+02 3.929250248264241074e-01
2.813844283919597729e+02 3.910489670115645522e-01
2.840959924623115853e+02 3.835789968122033100e-01
2.855384924623115808e+02 3.797715119396222194e-01
2.859334924623115626e+02 3.787483673333705836e-01
2.873288065326633500e+02 3.751995117732682683e-01
2.880775565326633227e+02 3.733363236078756087e-01
2.897791206030150875e+02 3.692060647840604837e-01
2.902591206030150488e+02 3.680664734961329732e-01
2.926319346733668567e+02 3.625925529719555840e-01
2.936884987437186396e+02 3.602380566341534807e-01
2.949747487437186351e+02 3.574383120687962823e-01
2.958972487437186487e+02 3.554742904988625884e-01
2.977675628140703452e+02 3.516017291658862232e-01
3.003616268844221509e+02 3.464638160720041604e-01
3.009478768844221008e+02 3.453388585138288946e-01
3.012866268844221054e+02 3.446947598112663491e-01
3.018969409547739247e+02 3.435451516057843602e-01
3.039510050251255961e+02 3.397763192565099177e-01
3.067863190954773813e+02 3.348183345640887154e-01
3.069375690954773859e+02 3.345615314138192242e-01
3.069569999999999936e+02 3.345285954302220088e-01
3.077088190954773950e+02 3.332638287405039201e-01
3.114666331658291938e+02 3.272137566615728743e-01
3.121694472361809289e+02 3.261306856695878609e-01
3.123069472361809176e+02 3.259205211322512841e-01
3.137669472361808971e+02 3.237233242290539770e-01
3.175113253768844856e+02 3.183652039013746826e-01
3.181113253768844515e+02 3.175422186506748345e-01
3.196366394472361776e+02 3.154925780950564862e-01
3.200116394472361776e+02 3.149978679045000729e-01
3.233669535175879446e+02 3.107273882452247782e-01
3.240632035175879651e+02 3.098753583747295703e-01
3.242494535175879378e+02 3.096493692686824728e-01
3.276363316582914536e+02 3.056782079785052009e-01
3.278750816582914354e+02 3.054079212006304833e-01
3.280100816582914831e+02 3.052556376257524184e-01
3.297991457286432251e+02 3.032744377502715194e-01
3.333019597989950285e+02 2.995873372620921904e-01
3.340069597989950125e+02 2.988747827076893016e-01
3.342982097989950034e+02 2.985832175329226623e-01
3.346985238693467295e+02 2.981851232989574108e-01
3.356172738693467181e+02 2.972829622402211047e-01
3.393438379396985169e+02 2.937826775832717563e-01
3.401904020100503203e+02 2.930218498706007590e-01
3.423694660804019918e+02 2.911194802506866797e-01
3.430069660804020373e+02 2.905778333728547547e-01
3.435494660804019986e+02 2.901221045776857799e-01
3.443432160804020441e+02 2.894638254147901546e-01
3.475688442211055644e+02 2.868898620707498459e-01
3.489538442211055553e+02 2.858328348093630011e-01
3.493350942211055781e+02 2.855467893123130319e-01
3.513016582914572723e+02 2.841042955111027779e-01
3.518379082914572678e+02 2.837203704906475221e-01
3.539082223618090097e+02 2.822749647342205348e-01
3.552360364321608586e+02 2.813779976044130660e-01
3.553697864321608790e+02 2.812889208867551671e-01
3.566772864321608267e+02 2.804302121150068494e-01
3.621554145728642879e+02 2.770609782791165765e-01
3.623191645728642811e+02 2.769657135918474067e-01
3.625791645728642720e+02 2.768150804677429466e-01
3.637807286432161504e+02 2.761288399147313610e-01
3.654835427135678287e+02 2.751836725198716915e-01
3.685776067839195775e+02 2.735454931679301982e-01
3.687488567839195639e+02 2.734577217503684765e-01
3.689201067839195503e+02 2.733702482570465331e-01
3.705866708542714036e+02 2.725343536156654700e-01
3.722291708542713877e+02 2.717372693477058676e-01
3.724666708542713991e+02 2.716241656024184770e-01
3.744657349246231206e+02 2.706932312536451946e-01
3.759710489949748649e+02 2.700165648394236562e-01
3.770547989949748739e+02 2.695420088990522212e-01
3.793701130653266205e+02 2.685625720522163418e-01
3.807026130653266591e+02 2.680195804766136169e-01
3.814454271356784147e+02 2.677232876881849299e-01
3.818604271356784352e+02 2.675597212720699503e-01
3.824066771356784216e+02 2.673465553273493001e-01
3.831141771356784034e+02 2.670740307136867386e-01
3.857369912060301544e+02 2.660981278053783927e-01
3.873460552763818896e+02 2.655255250805058087e-01
3.874935552763819260e+02 2.654740056195548092e-01
3.881523052763819237e+02 2.652458774425588417e-01
3.888763693467336680e+02 2.649988014160049588e-01
3.896026193467336611e+02 2.647547983184093678e-01
3.923916834170854031e+02 2.638525092352045909e-01
3.939819974874371837e+02 2.633620863524428479e-01
3.940482474874372087e+02 2.633420266991203795e-01
3.945394974874371883e+02 2.631941973289212977e-01
3.953769974874371655e+02 2.629458642169139049e-01
3.980835615577889826e+02 2.621745139045946749e-01
4.000988756281406609e+02 2.616302843489031749e-01
4.002413756281407018e+02 2.615927534246861308e-01
4.015441896984924597e+02 2.612553532484135910e-01
4.042732537688442562e+02 2.605814249506462343e-01
4.051695037688442653e+02 2.603695843043291047e-01
4.056282537688442744e+02 2.602629343821357688e-01
4.061370037688442380e+02 2.601460599897713055e-01
4.064723178391959664e+02 2.600698289998862878e-01
4.106163819095477265e+02 2.591791088869486726e-01
4.111738819095477311e+02 2.590663903288115133e-01
4.120941959798995526e+02 2.588839234213512475e-01
4.128866959798995140e+02 2.587303669670484307e-01
4.167848241206030480e+02 2.580221532354403102e-01
4.176085741206030093e+02 2.578823186206581908e-01
4.177060741206030343e+02 2.578659908033040238e-01
4.177298241206030411e+02 2.578620206470457754e-01
4.194726381909547968e+02 2.575782642416776791e-01
4.211188881909548059e+02 2.573238207860991666e-01
4.235954522613065478e+02 2.569654875617047862e-01
4.242467022613065524e+02 2.568760703073443841e-01
4.244657663316583012e+02 2.568464389957087479e-01
4.252007663316583148e+02 2.567486557493129928e-01
4.253520163316583194e+02 2.567288454135753795e-01
4.284035804020101068e+02 2.563516789412069730e-01
4.290835804020100568e+02 2.562734291046281920e-01
4.306738944723617806e+02 2.560985851403198565e-01
4.310338944723617942e+02 2.560605844602766301e-01
4.317188944723617965e+02 2.559898798217075666e-01
4.324767085427135953e+02 2.559140994669120706e-01
4.350307726130653805e+02 2.556774604323620026e-01
4.363095226130653828e+02 2.555697878665019740e-01
4.370657726130653487e+02 2.555094857817283294e-01
4.383510866834170656e+02 2.554127339269561259e-01
4.384773366834170929e+02 2.554036193876179084e-01
4.385210866834170815e+02 2.554004770971297633e-01
4.423679648241206337e+02 2.551567312468882021e-01
4.436154648241206360e+02 2.550914815154940452e-01
4.444729648241206519e+02 2.550505441483810198e-01
4.447117148241206337e+02 2.550397136552820521e-01
4.450445288944723643e+02 2.550250286495421292e-01
4.460207788944723575e+02 2.549847253122745627e-01
4.476735929648241381e+02 2.549259266840687155e-01
4.497098429648241336e+02 2.548698367102588680e-01
4.500000000000000000e+02 2.548633171671560449e-01
4.500000000000000000e+02 2.548633171671560449e-01
4.500000000000000000e+02 2.548633171671560449e-01
4.500000000000000000e+02 2.548633171671560449e-01
4.500000000000000000e+02 2.548633171671560449e-01
4.500000000000000000e+02 2.548633171671560449e-01
4.500000000000000000e+02 2.548633171671560449e-01
4.500000000000000000e+02 2.548633171671560449e-01
4.500000000000000000e+02 2.548633171671560449e-01
4.500000000000000000e+02 2.548633171671560449e-01
4.500000000000000000e+02 2.548633171671560449e-01
4.500000000000000000e+02 2.548633171671560449e-01
4.500000000000000000e+02 2.548633171671560449e-01
4.509551570351759437e+02 2.548444584793444490e-01
4.514529999999999745e+02 2.548362145182944127e-01
4.523864070351759210e+02 2.548236933613062249e-01
4.535617211055276243e+02 2.548133895707564989e-01
4.549329711055276562e+02 2.548090992348372996e-01
4.559895351758794391e+02 2.548115023690143977e-01
4.583435992462311788e+02 2.548348660495565743e-01
4.584285992462312151e+02 2.548361776228739162e-01
4.603939133165829389e+02 2.548756773707946954e-01
4.620976633165828957e+02 2.549242682491766887e-01
4.626601633165828957e+02 2.549432649993261801e-01
4.633667273869347127e+02 2.549692201472527620e-01
4.646004773869346991e+02 2.550201647003401129e-01
4.650779773869347196e+02 2.550418136351997322e-01
4.654682914572864547e+02 2.550603150738841585e-01
4.688261055276382194e+02 2.552497675575892133e-01
4.698648555276382126e+02 2.553195243325432906e-01
4.721676695979899705e+02 2.554933574721136025e-01
4.728014195979899910e+02 2.555459005758707325e-01
4.729439195979899750e+02 2.555579975164460338e-01
4.759420477386934749e+02 2.558368881988150045e-01
4.779432977386935022e+02 2.560494497261795455e-01
4.784036118090452305e+02 2.561013948218497371e-01
4.787048618090452692e+02 2.561360149437056921e-01
4.800411118090452760e+02 2.562955898669239674e-01
4.807248618090452510e+02 2.563810736083839137e-01
4.829426758793970293e+02 2.566765130102717785e-01
4.844542399497487395e+02 2.568940856112077453e-01
4.847079899497487645e+02 2.569319209145872751e-01
4.858592399497487690e+02 2.571083724834618001e-01
4.872270540201005247e+02 2.573283588967308910e-01
4.877295540201005224e+02 2.574120361981226401e-01
4.897411180904522325e+02 2.577626732948214427e-01
4.900786180904522666e+02 2.578239922620353952e-01
4.904948680904522575e+02 2.579006169519367231e-01
4.909123680904522757e+02 2.579785851372020655e-01
4.934314321608040359e+02 2.584730673414447066e-01
4.941129962311558188e+02 2.586140726109504295e-01
4.967195603015075562e+02 2.591825102907465705e-01
4.979483103015075471e+02 2.594668870671746341e-01
4.979895603015075380e+02 2.594766198375209609e-01
4.982658103015075426e+02 2.595421138499421909e-01
4.990448743718592937e+02 2.597297756370413602e-01
5.003711243718593096e+02 2.600594189533189660e-01
5.023889384422110993e+02 2.605860742648442585e-01
5.040892525125628367e+02 2.610540291249219269e-01
5.048380025125628094e+02 2.612672751767369239e-01
5.054517525125627913e+02 2.614453998567555226e-01
5.057805025125628049e+02 2.615420548000973455e-01
5.058155025125628299e+02 2.615523964423347447e-01
5.107598806532663502e+02 2.631156211631817121e-01
5.108073806532663639e+02 2.631316513389223011e-01
5.116214447236180831e+02 2.634094709796498956e-01
5.122514447236180786e+02 2.636285174316388979e-01
5.135426947236180695e+02 2.640886702547096121e-01
5.144355087939699160e+02 2.644157739323301226e-01
5.185983228643216307e+02 2.660409092290969557e-01
5.187333228643216216e+02 2.660964510090124691e-01
5.197098869346733636e+02 2.665037015978037882e-01
5.214048869346734136e+02 2.672337549242136401e-01
5.220239510050251965e+02 2.675078707237633080e-01
5.258380150753769158e+02 2.692881670591957821e-01
5.259855150753769522e+02 2.693602619836049095e-01
5.263580150753768976e+02 2.695434356998300252e-01
5.265442650753769840e+02 2.696356178723352537e-01
5.270720791457285941e+02 2.698990228170891625e-01
5.309961432160804407e+02 2.719606929620938529e-01
5.329777072864321781e+02 2.730737273487678918e-01
5.332964572864322008e+02 2.732574438802021777e-01
5.338477072864321826e+02 2.735782765161272612e-01
5.351117713567839473e+02 2.743290510736516863e-01
5.382120854271356620e+02 2.762620280730467281e-01
5.407098994974875268e+02 2.779180231611903529e-01
5.407848994974875723e+02 2.779691555425539695e-01
5.412723994974875268e+02 2.783035560766172756e-01
5.413686494974875814e+02 2.783699984303284469e-01
5.424577135678391642e+02 2.791315321539081795e-01
5.448355276381910244e+02 2.808578233180137884e-01
5.483358417085428300e+02 2.835647729699543595e-01
5.495920917085428528e+02 2.845865935381586831e-01
5.496633417085428164e+02 2.846453680678456832e-01
5.497395917085427755e+02 2.847083655539425773e-01
5.502599057788944492e+02 2.851409751528412584e-01
5.508624057788944128e+02 2.856479076428232733e-01
5.542189698492462639e+02 2.885931151660423022e-01
5.552355339195980832e+02 2.895268900940002887e-01
5.555117839195980878e+02 2.897840999785488703e-01
5.556230339195981287e+02 2.898881033616589886e-01
5.558105339195981287e+02 2.900639391740498785e-01
5.592483479899497070e+02 2.934130629865648321e-01
5.618086620603015717e+02 2.960678535945933665e-01
5.619799120603015581e+02 2.962505106195787996e-01
5.625974120603015081e+02 2.969145563185878189e-01
5.628189761306532546e+02 2.971549014669064293e-01
5.632189761306532318e+02 2.975916122932704133e-01
5.647827261306532591e+02 2.993340175058019637e-01
5.672492902010050102e+02 3.021995090503103998e-01
5.699346042713568750e+02 3.054895496832691348e-01
5.710536683417085442e+02 3.069153006305680442e-01
5.711699183417085806e+02 3.070653028685177977e-01
5.713399183417085396e+02 3.072853085819648444e-01
5.741264824120602270e+02 3.110034922722128559e-01
5.754277324120602088e+02 3.128141824705637508e-01
5.762442964824120963e+02 3.139754380304040637e-01
5.768692964824120963e+02 3.148775403950638818e-01
5.770917964824120645e+02 3.152014990262054783e-01
5.781342964824120827e+02 3.167392832066637243e-01
5.810349246231155576e+02 3.211957306491178832e-01
5.817424246231155394e+02 3.223236888348948170e-01
5.833990000000000009e+02 3.250299564186382995e-01
5.834152386934673586e+02 3.250569447291678515e-01
5.838327386934673768e+02 3.257539309714884146e-01
5.844839886934673814e+02 3.268531974575603627e-01
5.884221168341707653e+02 3.338248315751401463e-01
5.894471168341708562e+02 3.357344114239180222e-01
5.898696168341708699e+02 3.365334034971514399e-01
5.901908668341708335e+02 3.371456192042862621e-01
5.910411809045226619e+02 3.387859042661129916e-01
5.911986809045226892e+02 3.390929152547266234e-01
5.966705590452261276e+02 3.504081121900827767e-01
5.971368090452260731e+02 3.514332789684236902e-01
5.974180590452260731e+02 3.520565273249706695e-01
5.978330590452261504e+02 3.529828891393013146e-01
6.003021231155779560e+02 3.586640483910514265e-01
6.032699371859296207e+02 3.658948720763894324e-01
6.039890012562814263e+02 3.677160330868494142e-01
6.042815012562813308e+02 3.684648069820893324e-01
6.045627512562813308e+02 3.691891688948520378e-01
6.049752512562813536e+02 3.702594059389773817e-01
6.067830653266331637e+02 3.750619251246119501e-01
6.104146293969848784e+02 3.852870421961825387e-01
6.112171293969848875e+02 3.876558845614129778e-01
6.114258793969848966e+02 3.882788048484930865e-01
6.118174434673366022e+02 3.894548251756985158e-01
6.167918216080402090e+02 4.052946945567840187e-01
6.171093216080402044e+02 4.063650174264426540e-01
6.171668216080402090e+02 4.065596501813035224e-01
6.181668216080402090e+02 4.099839887329717047e-01
6.183393216080402226e+02 4.105823035205732330e-01
6.188718216080402499e+02 4.124436122943762606e-01
6.224711997487437429e+02 4.256137266393376084e-01
6.231611997487437975e+02 4.282604276653733111e-01
6.236411997487438157e+02 4.301257004664817973e-01
6.247590138190954576e+02 4.345476219446744448e-01
6.263190138190955167e+02 4.409064579844798049e-01
6.271880778894471860e+02 4.445466839836788586e-01
6.280643278894472132e+02 4.482898773834456674e-01
6.348140201005024892e+02 4.797669476596749805e-01
6.353590201005024483e+02 4.825279592186588196e-01
6.403783982412060141e+02 5.096771947443901052e-01
6.418196482412060959e+02 5.180843449955842006e-01
6.419371482412060459e+02 5.187825226909271725e-01
6.431312123115577606e+02 5.259896224821472011e-01
6.435437123115577833e+02 5.285275621169360782e-01
6.450165263819095571e+02 5.377969747297809411e-01
6.469327763819096617e+02 5.503610727418900561e-01
6.479718404522612900e+02 5.574222693435804121e-01
6.480000000000000000e+02 5.576161355748224802e-01
6.480000000000000000e+02 5.576161355748224802e-01
6.480000000000000000e+02 5.576161355748224802e-01
6.480000000000000000e+02 5.576161355748224802e-01
6.480000000000000000e+02 5.576161355748224802e-01
6.480000000000000000e+02 5.576161355748224802e-01
6.480000000000000000e+02 5.576161355748224802e-01
6.480000000000000000e+02 5.576161355748224802e-01
6.480000000000000000e+02 5.576161355748224802e-01
6.480000000000000000e+02 5.576161355748224802e-01
6.480000000000000000e+02 5.576161355748224802e-01
6.480000000000000000e+02 5.576161355748224802e-01
6.480000000000000000e+02 5.576161355748224802e-01
6.490530904522613582e+02 5.649629382300531688e-01
6.493630904522613037e+02 5.671620116378709442e-01
6.504946545226130183e+02 5.753329637710021816e-01
6.523521545226130911e+02 5.892516018619311513e-01
6.524649685929648513e+02 5.901178100887626288e-01
6.549512185929648922e+02 6.098416356710422148e-01
6.560640326633166524e+02 6.190774347823172485e-01
6.571040326633166160e+02 6.279475606177905567e-01
6.583955967336682988e+02 6.392955647761491278e-01
6.595805967336683580e+02 6.500428425943072241e-01
6.625734108040201136e+02 6.786981107416486525e-01
6.626734108040201363e+02 6.796946605930719310e-01
6.631424748743719420e+02 6.844041046169365705e-01
6.633999748743718783e+02 6.870141610534321597e-01
6.644799748743719192e+02 6.981557990140252468e-01
6.661202889447235975e+02 7.156980873482311489e-01
6.681843530150754304e+02 7.388901470702176066e-01
6.707646670854271633e+02 7.697567381069702064e-01
